              precision    recall  f1-score   support

           ㄱ     1.0000    1.0000    1.0000        22
           ㄴ     1.0000    1.0000    1.0000        53
           ㄷ     1.0000    1.0000    1.0000       100
           ㄹ     1.0000    1.0000    1.0000       101
           ㅁ     1.0000    1.0000    1.0000        20
           ㅂ     1.0000    1.0000    1.0000        21
           ㅅ     1.0000    1.0000    1.0000        20
           ㅇ     1.0000    1.0000    1.0000        20
           ㅈ     1.0000    1.0000    1.0000        21
           ㅊ     1.0000    1.0000    1.0000        20
           ㅋ     1.0000    1.0000    1.0000        20
           ㅌ     1.0000    1.0000    1.0000       100
           ㅍ     1.0000    1.0000    1.0000        20
           ㅎ     1.0000    1.0000    1.0000        20
           ㅏ     1.0000    0.9500    0.9744        20
           ㅐ     1.0000    1.0000    1.0000       100
           ㅑ     1.0000    1.0000    1.0000        20
           ㅒ     1.0000    1.0000    1.0000        20
           ㅓ     1.0000    0.9500    0.9744        20
           ㅔ     0.9804    1.0000    0.9901       100
           ㅕ     0.9906    1.0000    0.9953       105
           ㅖ     1.0000    0.9000    0.9474        20
           ㅗ     0.9906    1.0000    0.9953       105
           ㅚ     1.0000    1.0000    1.0000        20
           ㅛ     1.0000    1.0000    1.0000        20
           ㅜ     1.0000    1.0000    1.0000       104
           ㅟ     1.0000    1.0000    1.0000        20
           ㅠ     1.0000    1.0000    1.0000        20
           ㅡ     1.0000    1.0000    1.0000       100
           ㅢ     1.0000    1.0000    1.0000        20
           ㅣ     1.0000    1.0000    1.0000       101

    accuracy                         0.9973      1473
   macro avg     0.9988    0.9935    0.9960      1473
weighted avg     0.9973    0.9973    0.9972      1473
