              precision    recall  f1-score   support

           ㄲ     1.0000    1.0000    1.0000         8
           ㄸ     1.0000    1.0000    1.0000         9
           ㅃ     1.0000    1.0000    1.0000        11
           ㅆ     1.0000    0.9167    0.9565        12
           ㅉ     0.9375    1.0000    0.9677        15
           ㅘ     1.0000    1.0000    1.0000        18
           ㅙ     1.0000    1.0000    1.0000        20
           ㅝ     1.0000    1.0000    1.0000        19
           ㅞ     1.0000    1.0000    1.0000        34

    accuracy                         0.9932       146
   macro avg     0.9931    0.9907    0.9916       146
weighted avg     0.9936    0.9932    0.9931       146
